--------------------------------------------------------------
|   x    |            My J0             |     MATLABs J0     |
--------------------------------------------------------------
|   40   | 1.00000000000000             |  1.00000000000000  |
|   40   | -399.00000000000000          |  0.00000000000000  |
|   40   | 39601.00000000000000         |  0.00000000000000  |
|   40   | -1738176.77777777775191      |  0.00000000000000  |
|   40   | 42706267.66666666418314      |  0.00000000000000  |
|   40   | -668404843.44444453716278    |  0.99750156206604  |
|   40   | 7232829724.45678997039795    |  0.00000000000000  |
|   40   | -57267044299.22676086425781  |  0.00000000000000  |
|   40   | 345857168348.79547119140625  |  0.00000000000000  |
|   40   | -1644879684234.030273437500  |  0.00000000000000  |
|   40   | 6318067726097.2705078125000  |  0.99002497223958  |
|   40   | -20005725365907.03906250000  |  0.00000000000000  |
|   40   | 53115922111882.710937500000  |  0.00000000000000  |
|   40   | -119953066001229.0625000000  |  0.00000000000000  |
|   40   | 233248950556141.93750000000  |  0.00000000000000  |
|   40   | -394665745545851.06250000    |  0.97762624653830  |
|   40   | 586450967113513.0000000000   |  0.00000000000000  |
|   40   | -771496040027475.000000000   |  0.00000000000000  |
|   40   | 904981746566337.2500000000   |  0.00000000000000  |
|   40   | -952611368773067.250000000   |  0.00000000000000  |
--------------------------------------------------------------
Compares J0 values at x = 40 scaler.