---------------------------------------------------------
|   x    |       My J0             |     MATLABs J0     |
---------------------------------------------------------
|   20   | 1.00000000000000        |  1.00000000000000  |
|   20   | -99.00000000000000      |  0.00000000000000  |
|   20   | 2401.00000000000000     |  0.00000000000000  |
|   20   | -25376.77777777777737   |  0.00000000000000  |
|   20   | 148234.33333333331393   |  0.00000000000000  |
|   20   | -546210.11111111124046  |  0.99750156206604  |
|   20   | 1382802.23456790111959  |  0.00000000000000  |
|   20   | -2553957.65457294043154 |  0.00000000000000  |
|   20   | 3597229.67220962513238  |  0.00000000000000  |
|   20   | -3996828.75591699872166 |  0.00000000000000  |
|   20   | 3597229.67220962326974  |  0.99002497223958  |
|   20   | -2678851.67334957048297 |  0.00000000000000  |
|   20   | 1679538.14995542541146  |  0.00000000000000  |
|   20   | -899390.73957415716723  |  0.00000000000000  |
|   20   | 416389.30610420135781   |  0.00000000000000  |
|   20   | -168401.82530840253457  |  0.97762624653830  |
|   20   | 60032.21039964584634    |  0.00000000000000  |
|   20   | -19010.70853047468700   |  0.00000000000000  |
|   20   | 5385.25410227856264     |  0.00000000000000  |
|   20   | -1372.63028352566289    |  0.00000000000000  |
---------------------------------------------------------
Compares J0 values at x = 20 scaler.