---------------------------------------------------
|   x   |       My J0        |     MATLABs J0     |
---------------------------------------------------
|   5   | 1.00000000000000   |  1.00000000000000  |
|   5   | -5.25000000000000  |  0.00000000000000  |
|   5   | 4.51562500000000   |  0.00000000000000  |
|   5   | -2.26605902777778  |  0.00000000000000  |
|   5   | 0.38303629557292   |  0.00000000000000  |
|   5   | -0.27923753526476  |  0.99750156206604  |
|   5   | -0.16425943963322  |  0.00000000000000  |
|   5   | -0.17892501305561  |  0.00000000000000  |
|   5   | -0.17749282815108  |  0.00000000000000  |
|   5   | -0.17760333624556  |  0.00000000000000  |
|   5   | -0.17759642948966  |  0.99002497223958  |
|   5   | -0.17759678624358  |  0.00000000000000  |
|   5   | -0.17759677075947  |  0.00000000000000  |
|   5   | -0.17759677133210  |  0.00000000000000  |
|   5   | -0.17759677131384  |  0.00000000000000  |
|   5   | -0.17759677131435  |  0.97762624653830  |
|   5   | -0.17759677131434  |  0.00000000000000  |
|   5   | -0.17759677131434  |  0.00000000000000  |
|   5   | -0.17759677131434  |  0.00000000000000  |
|   5   | -0.17759677131434  |  0.00000000000000  |
---------------------------------------------------
Compares J0 values at x = 5 scaler.